Creating a toy dataset...
array shape is:
 (12000, 12)
Top 5 row is:
 [[ 0 29 29  1 46  4 75 17 12 64 36  1]
 [ 1 27 63 46 45 59 99 88 40 77 49  1]
 [ 2 18 52 73 67 87 91 25 73 34 13  1]
 [ 3 67 43 85 15 50 24 40 61 18 43  1]
 [ 4 25 35  1 84 31 21 26  8  8 44  1]]
Buttom 5 row is:
 [[11995    10    62    75     1    41    71     2    56    26    88     0]
 [11996    55    13    67    42     1    83    72    69    62    43     1]
 [11997    89    53    21    36    71    71    11    99    85    15     0]
 [11998    77    85    81    85     6     1    28    90    66    70     0]
 [11999    39    32    32    97    10    12    12    40    77    13     0]]

Performing a simple hold-out method..
shuffle state is 1
random state is {'random': 8}
After the simple holdout method:
Training set:
top 5 row(train) is:
 [[ 9502    91    67    13    15    89    16     0    53    29    95]
 [ 4638    77    45    37    83    82    87    14    34    82    66]
 [10576    15     7    74    43    87    17    77    98    68    19]
 [  507    50    44    98    50    64    34     4    75    87    22]
 [ 4770     7    15    29    23    97    61    77    77    77    97]]
buttom 5 row(train) is:
 [[ 3198    98    78    42    35    97    43    12    62     9    44]
 [ 7893     2    77    92     9    66    25    48    55    39    63]
 [11762    38    46    24    56    24    23    85    92    13    12]
 [ 5007    62    59     9    83    80    78    85    65    84     2]
 [ 1734    83    26    17    86    96    40    57    64    99     4]]
top 5 row(train_y) is:
 [95 66 19 22 97]
buttom 5 row(train_y) is:
 [44 63 12  2  4]

Testing set:
top 5 row(test) is:
 [[8650   30   86   53   28   96   82    2   11   75   75]
 [1790   33   97   92   31   29   13   93   60   93   59]
 [9275   45    2   73   75   49   12   20   71   86    5]
 [8504   80   20    3   60   12   96   36   51   23    8]
 [1943   56   36    9   81   32   72   98   60   84   31]]
buttom 5 row(test) is:
 [[ 2181    69    60    14    12    23    99    49    93     6    22]
 [10601    41    41     9    11    44    13    80    94    61    14]
 [ 2033    10    85    74    28    96    87    57    77    27    92]
 [ 9556    65    34     0     4     5    40    35     6    46     2]
 [ 4547    71    50    81    62    12    88    83    13    85    40]]
top 5 row(test_y) is:
 [75 59  5  8 31]
buttom 5 row(test_y) is:
 [22 14 92  2 40]

train shape: (9600, 11)
train_y shape: (9600,)
test shape (2400, 11)
test_y shape (2400,)
program terminated properly.
